f=[8.74 17.1];
V=[36.47 68.24];

V./f

Rf=8.2/7.02

V=100;
Vn=((4/pi)*(V/2)/sqrt(2))*sqrt(3)

m=68/Vn
